0.6771 -0.4831 -0.13632319904821522
-0.9142 -0.9882 -0.13207880302560354
0.1488 0.4878 -0.24512895043332994
0.6137 0.2751 -0.30563053179374217
-0.4975 -0.7114 -0.09097101409674736
0.3031 0.8922 -0.36576928669147896
0.6318 0.8605 -0.4068718719923465
-0.3801 -0.4624 -0.06326745585762969
0.0729 -0.6734 -0.05344103133862424
-0.578 -0.5664 -0.0857488287008204
0.3036 -0.8944 -0.053303527925454855
-0.5414 0.3349 -0.0697628715797891
-0.3781 -0.3867 -0.05894140597147726
0.4414 0.9088 -0.38928389434295874
-0.7377 -0.8634 -0.11883317242280331
-0.7495 -0.6677 -0.1069771035090687
0.8228 -0.7275 -0.1157379628922352
0.234 -0.462 -0.06759949874481014
-0.5587 0.4258 -0.07833088434572956
0.098 0.8827 -0.3254717237663628
-0.3403 0.409 -0.11059983459587826
0.8869 0.1632 -0.33946494049077036
0.7603 0.4992 -0.3760822633798492
-0.2408 0.4511 -0.13993078852334973
-0.6744 0.9124 -0.14618090023526153
-0.6075 0.5524 -0.08930849367126921
0.2266 -0.6754 -0.05414872635411841
-0.9379 -0.4227 -0.10283746018970467
0.9421 0.901 -0.4363978765761114
-0.5439 0.9171 -0.17845420568551124
0.3597 -0.8901 -0.05298748661405117
0.1997 -0.2137 -0.0958755829809115
-0.5693 -0.6352 -0.0906160924658141
-0.8465 -0.9852 -0.12966761427276713
0.5776 -0.9644 -0.05635094847627638
0.7559 -0.2949 -0.2004770295950724
0.4443 0.9369 -0.3934360579480945
-0.6887 -0.6741 -0.10300195985221341
-0.3732 -0.9412 -0.09932348943478758
-0.2847 -0.9456 -0.09269195400277652
0.5873 0.9985 -0.41652657546428473
-0.7795 0.2452 -0.05297882863781046
-0.7349 -0.3799 -0.08335241837570001
-0.7304 -0.5533 -0.09693263427840311
-0.2069 -0.7297 -0.06956189799909049
-0.5179 0.855 -0.16959600252800316
-0.2178 0.0225 -0.07095084420964103
-0.8142 -0.9566 -0.1272554029123447
-0.6809 0.689 -0.0996175658362256
0.7583 -0.626 -0.12318599833841114
0.9826 0.4241 -0.39671729456698374
0.7427 -0.0407 -0.26146583491449754
-0.008 -0.4249 -0.054601357722542626
-0.8781 -0.4751 -0.10228215616419245
-0.6275 0.8342 -0.13912940480193242
-0.7534 -0.9731 -0.12529972564657016
-0.2606 0.3973 -0.12409403870596745
0.7787 0.1875 -0.3224374886271684
-0.6866 -0.3666 -0.07841818648225543
-0.5332 -0.9832 -0.11370277322117367
-0.2062 0.2997 -0.11538442718011395
-0.83 0.5376 -0.06204012927637324
0.9394 0.4296 -0.39182350242069436
0.5639 -0.5249 -0.1050883168591979
-0.6085 -0.4736 -0.08072048045140233
0.4276 0.9552 -0.39364548091688356
0.2742 0.0918 -0.17667623794646775
0.6961 0.6042 -0.38221721428161276
0.3366 0.342 -0.25565765773842103
0.6413 0.9409 -0.41618120349101917
-0.0262 0.6349 -0.2380763689056607
0.2831 -0.3873 -0.08215430928129279
0.3219 -0.284 -0.10488888823078944
0.8764 -0.0247 -0.29723167940052786
-0.818 0.3477 -0.05365660534466307
0.0298 -0.5568 -0.0529984082965754
0.45 -0.8635 -0.05525759576966108
0.9282 -0.5847 -0.17115571935132523
-0.6778 0.2764 -0.05572556104838616
-0.9995 -0.3287 -0.10038445208900043
-0.4498 -0.9109 -0.10284494337424477
-0.8122 -0.18 -0.07367696076773533
0.6338 0.741 -0.39259359504051444
-0.9549 0.4544 -0.05319284416251796
0.696 0.4572 -0.3585661699874863
0.9102 0.3127 -0.3703021629306785
0.4846 -0.3101 -0.132079930699768
0.768 -0.3055 -0.200857400585461
-0.881 0.4368 -0.054271857956971425
0.9164 -0.6863 -0.14438359005922596
-0.1673 -0.8119 -0.07269419672579494
-0.1001 0.7383 -0.24553214671687257
-0.2168 -0.4944 -0.0565421296534557
-0.2912 0.486 -0.13649899306840088
0.3017 0.8796 -0.3634126639652986
0.6656 -0.06 -0.23729047402209708
0.2597 -0.8836 -0.053866639453974366
0.0844 -0.0885 -0.09753394927804457
0.7262 0.7104 -0.4004129909839505
-0.0555 0.5738 -0.21505760652285233
